553696648497463306
745478694906101871
541762770803097602
431133842334810112
517129822850252813
289954472468414464
549064773644451855
733448525756760156
705431183319629824
443966554078707723
137363161522241537
696535618586542170
653456433156980748
784865131335122974
586089168417980446
720763383766319185
725714941021257839
156063408628826112
756218673114382428
454847449324847110
755188289044217957
558880084195278860
396893027852877834
728385772054511686
730953092530700329
597581764344676362
748633417838755992
763381142254125098
722921258785964085
674623344384933948
756189100414992435
632260979148718084
727921454569619559
493932430873591836
469859585402863617
567913432515608577